VOLFRAC 0.3
PENAL 3
RMIN 2
FREEZE_WALLS FALSE

NODE START
1    0    0
2    0    1
3    0    2
4    0    3
5    0    4
6    0    5
7    0    6
8    0    7
9    0    8
10    0    9
11    0    10
12    0    11
13    0    12
14    0    13
15    0    14
16    0    15
17    0    16
18    0    17
19    0    18
20    0    19
21    0    20
22    1    0
23    1    1
24    1    2
25    1    3
26    1    4
27    1    5
28    1    6
29    1    7
30    1    8
31    1    9
32    1    10
33    1    11
34    1    12
35    1    13
36    1    14
37    1    15
38    1    16
39    1    17
40    1    18
41    1    19
42    1    20
43    2    0
44    2    1
45    2    2
46    2    3
47    2    4
48    2    5
49    2    6
50    2    7
51    2    8
52    2    9
53    2    10
54    2    11
55    2    12
56    2    13
57    2    14
58    2    15
59    2    16
60    2    17
61    2    18
62    2    19
63    2    20
64    3    0
65    3    1
66    3    2
67    3    3
68    3    4
69    3    5
70    3    6
71    3    7
72    3    8
73    3    9
74    3    10
75    3    11
76    3    12
77    3    13
78    3    14
79    3    15
80    3    16
81    3    17
82    3    18
83    3    19
84    3    20
85    4    0
86    4    1
87    4    2
88    4    3
89    4    4
90    4    5
91    4    6
92    4    7
93    4    8
94    4    9
95    4    10
96    4    11
97    4    12
98    4    13
99    4    14
100    4    15
101    4    16
102    4    17
103    4    18
104    4    19
105    4    20
106    5    0
107    5    1
108    5    2
109    5    3
110    5    4
111    5    5
112    5    6
113    5    7
114    5    8
115    5    9
116    5    10
117    5    11
118    5    12
119    5    13
120    5    14
121    5    15
122    5    16
123    5    17
124    5    18
125    5    19
126    5    20
127    6    0
128    6    1
129    6    2
130    6    3
131    6    4
132    6    5
133    6    6
134    6    7
135    6    8
136    6    9
137    6    10
138    6    11
139    6    12
140    6    13
141    6    14
142    6    15
143    6    16
144    6    17
145    6    18
146    6    19
147    6    20
148    7    0
149    7    1
150    7    2
151    7    3
152    7    4
153    7    5
154    7    6
155    7    7
156    7    8
157    7    9
158    7    10
159    7    11
160    7    12
161    7    13
162    7    14
163    7    15
164    7    16
165    7    17
166    7    18
167    7    19
168    7    20
169    8    0
170    8    1
171    8    2
172    8    3
173    8    4
174    8    5
175    8    6
176    8    7
177    8    8
178    8    9
179    8    10
180    8    11
181    8    12
182    8    13
183    8    14
184    8    15
185    8    16
186    8    17
187    8    18
188    8    19
189    8    20
190    9    0
191    9    1
192    9    2
193    9    3
194    9    4
195    9    5
196    9    6
197    9    7
198    9    8
199    9    9
200    9    10
201    9    11
202    9    12
203    9    13
204    9    14
205    9    15
206    9    16
207    9    17
208    9    18
209    9    19
210    9    20
211    10    0
212    10    1
213    10    2
214    10    3
215    10    4
216    10    5
217    10    6
218    10    7
219    10    8
220    10    9
221    10    10
222    10    11
223    10    12
224    10    13
225    10    14
226    10    15
227    10    16
228    10    17
229    10    18
230    10    19
231    10    20
232    11    0
233    11    1
234    11    2
235    11    3
236    11    4
237    11    5
238    11    6
239    11    7
240    11    8
241    11    9
242    11    10
243    11    11
244    11    12
245    11    13
246    11    14
247    11    15
248    11    16
249    11    17
250    11    18
251    11    19
252    11    20
253    12    0
254    12    1
255    12    2
256    12    3
257    12    4
258    12    5
259    12    6
260    12    7
261    12    8
262    12    9
263    12    10
264    12    11
265    12    12
266    12    13
267    12    14
268    12    15
269    12    16
270    12    17
271    12    18
272    12    19
273    12    20
274    13    0
275    13    1
276    13    2
277    13    3
278    13    4
279    13    5
280    13    6
281    13    7
282    13    8
283    13    9
284    13    10
285    13    11
286    13    12
287    13    13
288    13    14
289    13    15
290    13    16
291    13    17
292    13    18
293    13    19
294    13    20
295    14    0
296    14    1
297    14    2
298    14    3
299    14    4
300    14    5
301    14    6
302    14    7
303    14    8
304    14    9
305    14    10
306    14    11
307    14    12
308    14    13
309    14    14
310    14    15
311    14    16
312    14    17
313    14    18
314    14    19
315    14    20
316    15    0
317    15    1
318    15    2
319    15    3
320    15    4
321    15    5
322    15    6
323    15    7
324    15    8
325    15    9
326    15    10
327    15    11
328    15    12
329    15    13
330    15    14
331    15    15
332    15    16
333    15    17
334    15    18
335    15    19
336    15    20
337    16    0
338    16    1
339    16    2
340    16    3
341    16    4
342    16    5
343    16    6
344    16    7
345    16    8
346    16    9
347    16    10
348    16    11
349    16    12
350    16    13
351    16    14
352    16    15
353    16    16
354    16    17
355    16    18
356    16    19
357    16    20
358    17    0
359    17    1
360    17    2
361    17    3
362    17    4
363    17    5
364    17    6
365    17    7
366    17    8
367    17    9
368    17    10
369    17    11
370    17    12
371    17    13
372    17    14
373    17    15
374    17    16
375    17    17
376    17    18
377    17    19
378    17    20
379    18    0
380    18    1
381    18    2
382    18    3
383    18    4
384    18    5
385    18    6
386    18    7
387    18    8
388    18    9
389    18    10
390    18    11
391    18    12
392    18    13
393    18    14
394    18    15
395    18    16
396    18    17
397    18    18
398    18    19
399    18    20
400    19    0
401    19    1
402    19    2
403    19    3
404    19    4
405    19    5
406    19    6
407    19    7
408    19    8
409    19    9
410    19    10
411    19    11
412    19    12
413    19    13
414    19    14
415    19    15
416    19    16
417    19    17
418    19    18
419    19    19
420    19    20
421    20    0
422    20    1
423    20    2
424    20    3
425    20    4
426    20    5
427    20    6
428    20    7
429    20    8
430    20    9
431    20    10
432    20    11
433    20    12
434    20    13
435    20    14
436    20    15
437    20    16
438    20    17
439    20    18
440    20    19
441    20    20
442    21    0
443    21    1
444    21    2
445    21    3
446    21    4
447    21    5
448    21    6
449    21    7
450    21    8
451    21    9
452    21    10
453    21    11
454    21    12
455    21    13
456    21    14
457    21    15
458    21    16
459    21    17
460    21    18
461    21    19
462    21    20
463    22    0
464    22    1
465    22    2
466    22    3
467    22    4
468    22    5
469    22    6
470    22    7
471    22    8
472    22    9
473    22    10
474    22    11
475    22    12
476    22    13
477    22    14
478    22    15
479    22    16
480    22    17
481    22    18
482    22    19
483    22    20
484    23    0
485    23    1
486    23    2
487    23    3
488    23    4
489    23    5
490    23    6
491    23    7
492    23    8
493    23    9
494    23    10
495    23    11
496    23    12
497    23    13
498    23    14
499    23    15
500    23    16
501    23    17
502    23    18
503    23    19
504    23    20
505    24    0
506    24    1
507    24    2
508    24    3
509    24    4
510    24    5
511    24    6
512    24    7
513    24    8
514    24    9
515    24    10
516    24    11
517    24    12
518    24    13
519    24    14
520    24    15
521    24    16
522    24    17
523    24    18
524    24    19
525    24    20
526    25    0
527    25    1
528    25    2
529    25    3
530    25    4
531    25    5
532    25    6
533    25    7
534    25    8
535    25    9
536    25    10
537    25    11
538    25    12
539    25    13
540    25    14
541    25    15
542    25    16
543    25    17
544    25    18
545    25    19
546    25    20
547    26    0
548    26    1
549    26    2
550    26    3
551    26    4
552    26    5
553    26    6
554    26    7
555    26    8
556    26    9
557    26    10
558    26    11
559    26    12
560    26    13
561    26    14
562    26    15
563    26    16
564    26    17
565    26    18
566    26    19
567    26    20
568    27    0
569    27    1
570    27    2
571    27    3
572    27    4
573    27    5
574    27    6
575    27    7
576    27    8
577    27    9
578    27    10
579    27    11
580    27    12
581    27    13
582    27    14
583    27    15
584    27    16
585    27    17
586    27    18
587    27    19
588    27    20
589    28    0
590    28    1
591    28    2
592    28    3
593    28    4
594    28    5
595    28    6
596    28    7
597    28    8
598    28    9
599    28    10
600    28    11
601    28    12
602    28    13
603    28    14
604    28    15
605    28    16
606    28    17
607    28    18
608    28    19
609    28    20
610    29    0
611    29    1
612    29    2
613    29    3
614    29    4
615    29    5
616    29    6
617    29    7
618    29    8
619    29    9
620    29    10
621    29    11
622    29    12
623    29    13
624    29    14
625    29    15
626    29    16
627    29    17
628    29    18
629    29    19
630    29    20
631    30    0
632    30    1
633    30    2
634    30    3
635    30    4
636    30    5
637    30    6
638    30    7
639    30    8
640    30    9
641    30    10
642    30    11
643    30    12
644    30    13
645    30    14
646    30    15
647    30    16
648    30    17
649    30    18
650    30    19
651    30    20
652    31    0
653    31    1
654    31    2
655    31    3
656    31    4
657    31    5
658    31    6
659    31    7
660    31    8
661    31    9
662    31    10
663    31    11
664    31    12
665    31    13
666    31    14
667    31    15
668    31    16
669    31    17
670    31    18
671    31    19
672    31    20
673    32    0
674    32    1
675    32    2
676    32    3
677    32    4
678    32    5
679    32    6
680    32    7
681    32    8
682    32    9
683    32    10
684    32    11
685    32    12
686    32    13
687    32    14
688    32    15
689    32    16
690    32    17
691    32    18
692    32    19
693    32    20
694    33    0
695    33    1
696    33    2
697    33    3
698    33    4
699    33    5
700    33    6
701    33    7
702    33    8
703    33    9
704    33    10
705    33    11
706    33    12
707    33    13
708    33    14
709    33    15
710    33    16
711    33    17
712    33    18
713    33    19
714    33    20
715    34    0
716    34    1
717    34    2
718    34    3
719    34    4
720    34    5
721    34    6
722    34    7
723    34    8
724    34    9
725    34    10
726    34    11
727    34    12
728    34    13
729    34    14
730    34    15
731    34    16
732    34    17
733    34    18
734    34    19
735    34    20
736    35    0
737    35    1
738    35    2
739    35    3
740    35    4
741    35    5
742    35    6
743    35    7
744    35    8
745    35    9
746    35    10
747    35    11
748    35    12
749    35    13
750    35    14
751    35    15
752    35    16
753    35    17
754    35    18
755    35    19
756    35    20
757    36    0
758    36    1
759    36    2
760    36    3
761    36    4
762    36    5
763    36    6
764    36    7
765    36    8
766    36    9
767    36    10
768    36    11
769    36    12
770    36    13
771    36    14
772    36    15
773    36    16
774    36    17
775    36    18
776    36    19
777    36    20
778    37    0
779    37    1
780    37    2
781    37    3
782    37    4
783    37    5
784    37    6
785    37    7
786    37    8
787    37    9
788    37    10
789    37    11
790    37    12
791    37    13
792    37    14
793    37    15
794    37    16
795    37    17
796    37    18
797    37    19
798    37    20
799    38    0
800    38    1
801    38    2
802    38    3
803    38    4
804    38    5
805    38    6
806    38    7
807    38    8
808    38    9
809    38    10
810    38    11
811    38    12
812    38    13
813    38    14
814    38    15
815    38    16
816    38    17
817    38    18
818    38    19
819    38    20
820    39    0
821    39    1
822    39    2
823    39    3
824    39    4
825    39    5
826    39    6
827    39    7
828    39    8
829    39    9
830    39    10
831    39    11
832    39    12
833    39    13
834    39    14
835    39    15
836    39    16
837    39    17
838    39    18
839    39    19
840    39    20
841    40    0
842    40    1
843    40    2
844    40    3
845    40    4
846    40    5
847    40    6
848    40    7
849    40    8
850    40    9
851    40    10
852    40    11
853    40    12
854    40    13
855    40    14
856    40    15
857    40    16
858    40    17
859    40    18
860    40    19
861    40    20
862    41    0
863    41    1
864    41    2
865    41    3
866    41    4
867    41    5
868    41    6
869    41    7
870    41    8
871    41    9
872    41    10
873    41    11
874    41    12
875    41    13
876    41    14
877    41    15
878    41    16
879    41    17
880    41    18
881    41    19
882    41    20
883    42    0
884    42    1
885    42    2
886    42    3
887    42    4
888    42    5
889    42    6
890    42    7
891    42    8
892    42    9
893    42    10
894    42    11
895    42    12
896    42    13
897    42    14
898    42    15
899    42    16
900    42    17
901    42    18
902    42    19
903    42    20
904    43    0
905    43    1
906    43    2
907    43    3
908    43    4
909    43    5
910    43    6
911    43    7
912    43    8
913    43    9
914    43    10
915    43    11
916    43    12
917    43    13
918    43    14
919    43    15
920    43    16
921    43    17
922    43    18
923    43    19
924    43    20
925    44    0
926    44    1
927    44    2
928    44    3
929    44    4
930    44    5
931    44    6
932    44    7
933    44    8
934    44    9
935    44    10
936    44    11
937    44    12
938    44    13
939    44    14
940    44    15
941    44    16
942    44    17
943    44    18
944    44    19
945    44    20
946    45    0
947    45    1
948    45    2
949    45    3
950    45    4
951    45    5
952    45    6
953    45    7
954    45    8
955    45    9
956    45    10
957    45    11
958    45    12
959    45    13
960    45    14
961    45    15
962    45    16
963    45    17
964    45    18
965    45    19
966    45    20
967    46    0
968    46    1
969    46    2
970    46    3
971    46    4
972    46    5
973    46    6
974    46    7
975    46    8
976    46    9
977    46    10
978    46    11
979    46    12
980    46    13
981    46    14
982    46    15
983    46    16
984    46    17
985    46    18
986    46    19
987    46    20
988    47    0
989    47    1
990    47    2
991    47    3
992    47    4
993    47    5
994    47    6
995    47    7
996    47    8
997    47    9
998    47    10
999    47    11
1000    47    12
1001    47    13
1002    47    14
1003    47    15
1004    47    16
1005    47    17
1006    47    18
1007    47    19
1008    47    20
1009    48    0
1010    48    1
1011    48    2
1012    48    3
1013    48    4
1014    48    5
1015    48    6
1016    48    7
1017    48    8
1018    48    9
1019    48    10
1020    48    11
1021    48    12
1022    48    13
1023    48    14
1024    48    15
1025    48    16
1026    48    17
1027    48    18
1028    48    19
1029    48    20
1030    49    0
1031    49    1
1032    49    2
1033    49    3
1034    49    4
1035    49    5
1036    49    6
1037    49    7
1038    49    8
1039    49    9
1040    49    10
1041    49    11
1042    49    12
1043    49    13
1044    49    14
1045    49    15
1046    49    16
1047    49    17
1048    49    18
1049    49    19
1050    49    20
1051    50    0
1052    50    1
1053    50    2
1054    50    3
1055    50    4
1056    50    5
1057    50    6
1058    50    7
1059    50    8
1060    50    9
1061    50    10
1062    50    11
1063    50    12
1064    50    13
1065    50    14
1066    50    15
1067    50    16
1068    50    17
1069    50    18
1070    50    19
1071    50    20
1072    51    0
1073    51    1
1074    51    2
1075    51    3
1076    51    4
1077    51    5
1078    51    6
1079    51    7
1080    51    8
1081    51    9
1082    51    10
1083    51    11
1084    51    12
1085    51    13
1086    51    14
1087    51    15
1088    51    16
1089    51    17
1090    51    18
1091    51    19
1092    51    20
1093    52    0
1094    52    1
1095    52    2
1096    52    3
1097    52    4
1098    52    5
1099    52    6
1100    52    7
1101    52    8
1102    52    9
1103    52    10
1104    52    11
1105    52    12
1106    52    13
1107    52    14
1108    52    15
1109    52    16
1110    52    17
1111    52    18
1112    52    19
1113    52    20
1114    53    0
1115    53    1
1116    53    2
1117    53    3
1118    53    4
1119    53    5
1120    53    6
1121    53    7
1122    53    8
1123    53    9
1124    53    10
1125    53    11
1126    53    12
1127    53    13
1128    53    14
1129    53    15
1130    53    16
1131    53    17
1132    53    18
1133    53    19
1134    53    20
1135    54    0
1136    54    1
1137    54    2
1138    54    3
1139    54    4
1140    54    5
1141    54    6
1142    54    7
1143    54    8
1144    54    9
1145    54    10
1146    54    11
1147    54    12
1148    54    13
1149    54    14
1150    54    15
1151    54    16
1152    54    17
1153    54    18
1154    54    19
1155    54    20
1156    55    0
1157    55    1
1158    55    2
1159    55    3
1160    55    4
1161    55    5
1162    55    6
1163    55    7
1164    55    8
1165    55    9
1166    55    10
1167    55    11
1168    55    12
1169    55    13
1170    55    14
1171    55    15
1172    55    16
1173    55    17
1174    55    18
1175    55    19
1176    55    20
1177    56    0
1178    56    1
1179    56    2
1180    56    3
1181    56    4
1182    56    5
1183    56    6
1184    56    7
1185    56    8
1186    56    9
1187    56    10
1188    56    11
1189    56    12
1190    56    13
1191    56    14
1192    56    15
1193    56    16
1194    56    17
1195    56    18
1196    56    19
1197    56    20
1198    57    0
1199    57    1
1200    57    2
1201    57    3
1202    57    4
1203    57    5
1204    57    6
1205    57    7
1206    57    8
1207    57    9
1208    57    10
1209    57    11
1210    57    12
1211    57    13
1212    57    14
1213    57    15
1214    57    16
1215    57    17
1216    57    18
1217    57    19
1218    57    20
1219    58    0
1220    58    1
1221    58    2
1222    58    3
1223    58    4
1224    58    5
1225    58    6
1226    58    7
1227    58    8
1228    58    9
1229    58    10
1230    58    11
1231    58    12
1232    58    13
1233    58    14
1234    58    15
1235    58    16
1236    58    17
1237    58    18
1238    58    19
1239    58    20
1240    59    0
1241    59    1
1242    59    2
1243    59    3
1244    59    4
1245    59    5
1246    59    6
1247    59    7
1248    59    8
1249    59    9
1250    59    10
1251    59    11
1252    59    12
1253    59    13
1254    59    14
1255    59    15
1256    59    16
1257    59    17
1258    59    18
1259    59    19
1260    59    20
1261    60    0
1262    60    1
1263    60    2
1264    60    3
1265    60    4
1266    60    5
1267    60    6
1268    60    7
1269    60    8
1270    60    9
1271    60    10
1272    60    11
1273    60    12
1274    60    13
1275    60    14
1276    60    15
1277    60    16
1278    60    17
1279    60    18
1280    60    19
1281    60    20
NODE END

ELEMENT START
1    1    22    23    2    1    0.3    1
2    2    23    24    3    1    0.3    1
3    3    24    25    4    1    0.3    1
4    4    25    26    5    1    0.3    1
5    5    26    27    6    1    0.3    1
6    6    27    28    7    1    0.3    1
7    7    28    29    8    1    0.3    1
8    8    29    30    9    1    0.3    1
9    9    30    31    10    1    0.3    1
10    10    31    32    11    1    0.3    1
11    11    32    33    12    1    0.3    1
12    12    33    34    13    1    0.3    1
13    13    34    35    14    1    0.3    1
14    14    35    36    15    1    0.3    1
15    15    36    37    16    1    0.3    1
16    16    37    38    17    1    0.3    1
17    17    38    39    18    1    0.3    1
18    18    39    40    19    1    0.3    1
19    19    40    41    20    1    0.3    1
20    20    41    42    21    1    0.3    1
21    22    43    44    23    1    0.3    1
22    23    44    45    24    1    0.3    1
23    24    45    46    25    1    0.3    1
24    25    46    47    26    1    0.3    1
25    26    47    48    27    1    0.3    1
26    27    48    49    28    1    0.3    1
27    28    49    50    29    1    0.3    1
28    29    50    51    30    1    0.3    1
29    30    51    52    31    1    0.3    1
30    31    52    53    32    1    0.3    1
31    32    53    54    33    1    0.3    1
32    33    54    55    34    1    0.3    1
33    34    55    56    35    1    0.3    1
34    35    56    57    36    1    0.3    1
35    36    57    58    37    1    0.3    1
36    37    58    59    38    1    0.3    1
37    38    59    60    39    1    0.3    1
38    39    60    61    40    1    0.3    1
39    40    61    62    41    1    0.3    1
40    41    62    63    42    1    0.3    1
41    43    64    65    44    1    0.3    1
42    44    65    66    45    1    0.3    1
43    45    66    67    46    1    0.3    1
44    46    67    68    47    1    0.3    1
45    47    68    69    48    1    0.3    1
46    48    69    70    49    1    0.3    1
47    49    70    71    50    1    0.3    1
48    50    71    72    51    1    0.3    1
49    51    72    73    52    1    0.3    1
50    52    73    74    53    1    0.3    1
51    53    74    75    54    1    0.3    1
52    54    75    76    55    1    0.3    1
53    55    76    77    56    1    0.3    1
54    56    77    78    57    1    0.3    1
55    57    78    79    58    1    0.3    1
56    58    79    80    59    1    0.3    1
57    59    80    81    60    1    0.3    1
58    60    81    82    61    1    0.3    1
59    61    82    83    62    1    0.3    1
60    62    83    84    63    1    0.3    1
61    64    85    86    65    1    0.3    1
62    65    86    87    66    1    0.3    1
63    66    87    88    67    1    0.3    1
64    67    88    89    68    1    0.3    1
65    68    89    90    69    1    0.3    1
66    69    90    91    70    1    0.3    1
67    70    91    92    71    1    0.3    1
68    71    92    93    72    1    0.3    1
69    72    93    94    73    1    0.3    1
70    73    94    95    74    1    0.3    1
71    74    95    96    75    1    0.3    1
72    75    96    97    76    1    0.3    1
73    76    97    98    77    1    0.3    1
74    77    98    99    78    1    0.3    1
75    78    99    100    79    1    0.3    1
76    79    100    101    80    1    0.3    1
77    80    101    102    81    1    0.3    1
78    81    102    103    82    1    0.3    1
79    82    103    104    83    1    0.3    1
80    83    104    105    84    1    0.3    1
81    85    106    107    86    1    0.3    1
82    86    107    108    87    1    0.3    1
83    87    108    109    88    1    0.3    1
84    88    109    110    89    1    0.3    1
85    89    110    111    90    1    0.3    1
86    90    111    112    91    1    0.3    1
87    91    112    113    92    1    0.3    1
88    92    113    114    93    1    0.3    1
89    93    114    115    94    1    0.3    1
90    94    115    116    95    1    0.3    1
91    95    116    117    96    1    0.3    1
92    96    117    118    97    1    0.3    1
93    97    118    119    98    1    0.3    1
94    98    119    120    99    1    0.3    1
95    99    120    121    100    1    0.3    1
96    100    121    122    101    1    0.3    1
97    101    122    123    102    1    0.3    1
98    102    123    124    103    1    0.3    1
99    103    124    125    104    1    0.3    1
100    104    125    126    105    1    0.3    1
101    106    127    128    107    1    0.3    1
102    107    128    129    108    1    0.3    1
103    108    129    130    109    1    0.3    1
104    109    130    131    110    1    0.3    1
105    110    131    132    111    1    0.3    1
106    111    132    133    112    1    0.3    1
107    112    133    134    113    1    0.3    1
108    113    134    135    114    1    0.3    1
109    114    135    136    115    1    0.3    1
110    115    136    137    116    1    0.3    1
111    116    137    138    117    1    0.3    1
112    117    138    139    118    1    0.3    1
113    118    139    140    119    1    0.3    1
114    119    140    141    120    1    0.3    1
115    120    141    142    121    1    0.3    1
116    121    142    143    122    1    0.3    1
117    122    143    144    123    1    0.3    1
118    123    144    145    124    1    0.3    1
119    124    145    146    125    1    0.3    1
120    125    146    147    126    1    0.3    1
121    127    148    149    128    1    0.3    1
122    128    149    150    129    1    0.3    1
123    129    150    151    130    1    0.3    1
124    130    151    152    131    1    0.3    1
125    131    152    153    132    1    0.3    1
126    132    153    154    133    1    0.3    1
127    133    154    155    134    1    0.3    1
128    134    155    156    135    1    0.3    1
129    135    156    157    136    1    0.3    1
130    136    157    158    137    1    0.3    1
131    137    158    159    138    1    0.3    1
132    138    159    160    139    1    0.3    1
133    139    160    161    140    1    0.3    1
134    140    161    162    141    1    0.3    1
135    141    162    163    142    1    0.3    1
136    142    163    164    143    1    0.3    1
137    143    164    165    144    1    0.3    1
138    144    165    166    145    1    0.3    1
139    145    166    167    146    1    0.3    1
140    146    167    168    147    1    0.3    1
141    148    169    170    149    1    0.3    1
142    149    170    171    150    1    0.3    1
143    150    171    172    151    1    0.3    1
144    151    172    173    152    1    0.3    1
145    152    173    174    153    1    0.3    1
146    153    174    175    154    1    0.3    1
147    154    175    176    155    1    0.3    1
148    155    176    177    156    1    0.3    1
149    156    177    178    157    1    0.3    1
150    157    178    179    158    1    0.3    1
151    158    179    180    159    1    0.3    1
152    159    180    181    160    1    0.3    1
153    160    181    182    161    1    0.3    1
154    161    182    183    162    1    0.3    1
155    162    183    184    163    1    0.3    1
156    163    184    185    164    1    0.3    1
157    164    185    186    165    1    0.3    1
158    165    186    187    166    1    0.3    1
159    166    187    188    167    1    0.3    1
160    167    188    189    168    1    0.3    1
161    169    190    191    170    1    0.3    1
162    170    191    192    171    1    0.3    1
163    171    192    193    172    1    0.3    1
164    172    193    194    173    1    0.3    1
165    173    194    195    174    1    0.3    1
166    174    195    196    175    1    0.3    1
167    175    196    197    176    1    0.3    1
168    176    197    198    177    1    0.3    1
169    177    198    199    178    1    0.3    1
170    178    199    200    179    1    0.3    1
171    179    200    201    180    1    0.3    1
172    180    201    202    181    1    0.3    1
173    181    202    203    182    1    0.3    1
174    182    203    204    183    1    0.3    1
175    183    204    205    184    1    0.3    1
176    184    205    206    185    1    0.3    1
177    185    206    207    186    1    0.3    1
178    186    207    208    187    1    0.3    1
179    187    208    209    188    1    0.3    1
180    188    209    210    189    1    0.3    1
181    190    211    212    191    1    0.3    1
182    191    212    213    192    1    0.3    1
183    192    213    214    193    1    0.3    1
184    193    214    215    194    1    0.3    1
185    194    215    216    195    1    0.3    1
186    195    216    217    196    1    0.3    1
187    196    217    218    197    1    0.3    1
188    197    218    219    198    1    0.3    1
189    198    219    220    199    1    0.3    1
190    199    220    221    200    1    0.3    1
191    200    221    222    201    1    0.3    1
192    201    222    223    202    1    0.3    1
193    202    223    224    203    1    0.3    1
194    203    224    225    204    1    0.3    1
195    204    225    226    205    1    0.3    1
196    205    226    227    206    1    0.3    1
197    206    227    228    207    1    0.3    1
198    207    228    229    208    1    0.3    1
199    208    229    230    209    1    0.3    1
200    209    230    231    210    1    0.3    1
201    211    232    233    212    1    0.3    1
202    212    233    234    213    1    0.3    1
203    213    234    235    214    1    0.3    1
204    214    235    236    215    1    0.3    1
205    215    236    237    216    1    0.3    1
206    216    237    238    217    1    0.3    1
207    217    238    239    218    1    0.3    1
208    218    239    240    219    1    0.3    1
209    219    240    241    220    1    0.3    1
210    220    241    242    221    1    0.3    1
211    221    242    243    222    1    0.3    1
212    222    243    244    223    1    0.3    1
213    223    244    245    224    1    0.3    1
214    224    245    246    225    1    0.3    1
215    225    246    247    226    1    0.3    1
216    226    247    248    227    1    0.3    1
217    227    248    249    228    1    0.3    1
218    228    249    250    229    1    0.3    1
219    229    250    251    230    1    0.3    1
220    230    251    252    231    1    0.3    1
221    232    253    254    233    1    0.3    1
222    233    254    255    234    1    0.3    1
223    234    255    256    235    1    0.3    1
224    235    256    257    236    1    0.3    1
225    236    257    258    237    1    0.3    1
226    237    258    259    238    1    0.3    1
227    238    259    260    239    1    0.3    1
228    239    260    261    240    1    0.3    1
229    240    261    262    241    1    0.3    1
230    241    262    263    242    1    0.3    1
231    242    263    264    243    1    0.3    1
232    243    264    265    244    1    0.3    1
233    244    265    266    245    1    0.3    1
234    245    266    267    246    1    0.3    1
235    246    267    268    247    1    0.3    1
236    247    268    269    248    1    0.3    1
237    248    269    270    249    1    0.3    1
238    249    270    271    250    1    0.3    1
239    250    271    272    251    1    0.3    1
240    251    272    273    252    1    0.3    1
241    253    274    275    254    1    0.3    1
242    254    275    276    255    1    0.3    1
243    255    276    277    256    1    0.3    1
244    256    277    278    257    1    0.3    1
245    257    278    279    258    1    0.3    1
246    258    279    280    259    1    0.3    1
247    259    280    281    260    1    0.3    1
248    260    281    282    261    1    0.3    1
249    261    282    283    262    1    0.3    1
250    262    283    284    263    1    0.3    1
251    263    284    285    264    1    0.3    1
252    264    285    286    265    1    0.3    1
253    265    286    287    266    1    0.3    1
254    266    287    288    267    1    0.3    1
255    267    288    289    268    1    0.3    1
256    268    289    290    269    1    0.3    1
257    269    290    291    270    1    0.3    1
258    270    291    292    271    1    0.3    1
259    271    292    293    272    1    0.3    1
260    272    293    294    273    1    0.3    1
261    274    295    296    275    1    0.3    1
262    275    296    297    276    1    0.3    1
263    276    297    298    277    1    0.3    1
264    277    298    299    278    1    0.3    1
265    278    299    300    279    1    0.3    1
266    279    300    301    280    1    0.3    1
267    280    301    302    281    1    0.3    1
268    281    302    303    282    1    0.3    1
269    282    303    304    283    1    0.3    1
270    283    304    305    284    1    0.3    1
271    284    305    306    285    1    0.3    1
272    285    306    307    286    1    0.3    1
273    286    307    308    287    1    0.3    1
274    287    308    309    288    1    0.3    1
275    288    309    310    289    1    0.3    1
276    289    310    311    290    1    0.3    1
277    290    311    312    291    1    0.3    1
278    291    312    313    292    1    0.3    1
279    292    313    314    293    1    0.3    1
280    293    314    315    294    1    0.3    1
281    295    316    317    296    1    0.3    1
282    296    317    318    297    1    0.3    1
283    297    318    319    298    1    0.3    1
284    298    319    320    299    1    0.3    1
285    299    320    321    300    1    0.3    1
286    300    321    322    301    1    0.3    1
287    301    322    323    302    1    0.3    1
288    302    323    324    303    1    0.3    1
289    303    324    325    304    1    0.3    1
290    304    325    326    305    1    0.3    1
291    305    326    327    306    1    0.3    1
292    306    327    328    307    1    0.3    1
293    307    328    329    308    1    0.3    1
294    308    329    330    309    1    0.3    1
295    309    330    331    310    1    0.3    1
296    310    331    332    311    1    0.3    1
297    311    332    333    312    1    0.3    1
298    312    333    334    313    1    0.3    1
299    313    334    335    314    1    0.3    1
300    314    335    336    315    1    0.3    1
301    316    337    338    317    1    0.3    1
302    317    338    339    318    1    0.3    1
303    318    339    340    319    1    0.3    1
304    319    340    341    320    1    0.3    1
305    320    341    342    321    1    0.3    1
306    321    342    343    322    1    0.3    1
307    322    343    344    323    1    0.3    1
308    323    344    345    324    1    0.3    1
309    324    345    346    325    1    0.3    1
310    325    346    347    326    1    0.3    1
311    326    347    348    327    1    0.3    1
312    327    348    349    328    1    0.3    1
313    328    349    350    329    1    0.3    1
314    329    350    351    330    1    0.3    1
315    330    351    352    331    1    0.3    1
316    331    352    353    332    1    0.3    1
317    332    353    354    333    1    0.3    1
318    333    354    355    334    1    0.3    1
319    334    355    356    335    1    0.3    1
320    335    356    357    336    1    0.3    1
321    337    358    359    338    1    0.3    1
322    338    359    360    339    1    0.3    1
323    339    360    361    340    1    0.3    1
324    340    361    362    341    1    0.3    1
325    341    362    363    342    1    0.3    1
326    342    363    364    343    1    0.3    1
327    343    364    365    344    1    0.3    1
328    344    365    366    345    1    0.3    1
329    345    366    367    346    1    0.3    1
330    346    367    368    347    1    0.3    1
331    347    368    369    348    1    0.3    1
332    348    369    370    349    1    0.3    1
333    349    370    371    350    1    0.3    1
334    350    371    372    351    1    0.3    1
335    351    372    373    352    1    0.3    1
336    352    373    374    353    1    0.3    1
337    353    374    375    354    1    0.3    1
338    354    375    376    355    1    0.3    1
339    355    376    377    356    1    0.3    1
340    356    377    378    357    1    0.3    1
341    358    379    380    359    1    0.3    1
342    359    380    381    360    1    0.3    1
343    360    381    382    361    1    0.3    1
344    361    382    383    362    1    0.3    1
345    362    383    384    363    1    0.3    1
346    363    384    385    364    1    0.3    1
347    364    385    386    365    1    0.3    1
348    365    386    387    366    1    0.3    1
349    366    387    388    367    1    0.3    1
350    367    388    389    368    1    0.3    1
351    368    389    390    369    1    0.3    1
352    369    390    391    370    1    0.3    1
353    370    391    392    371    1    0.3    1
354    371    392    393    372    1    0.3    1
355    372    393    394    373    1    0.3    1
356    373    394    395    374    1    0.3    1
357    374    395    396    375    1    0.3    1
358    375    396    397    376    1    0.3    1
359    376    397    398    377    1    0.3    1
360    377    398    399    378    1    0.3    1
361    379    400    401    380    1    0.3    1
362    380    401    402    381    1    0.3    1
363    381    402    403    382    1    0.3    1
364    382    403    404    383    1    0.3    1
365    383    404    405    384    1    0.3    1
366    384    405    406    385    1    0.3    1
367    385    406    407    386    1    0.3    1
368    386    407    408    387    1    0.3    1
369    387    408    409    388    1    0.3    1
370    388    409    410    389    1    0.3    1
371    389    410    411    390    1    0.3    1
372    390    411    412    391    1    0.3    1
373    391    412    413    392    1    0.3    1
374    392    413    414    393    1    0.3    1
375    393    414    415    394    1    0.3    1
376    394    415    416    395    1    0.3    1
377    395    416    417    396    1    0.3    1
378    396    417    418    397    1    0.3    1
379    397    418    419    398    1    0.3    1
380    398    419    420    399    1    0.3    1
381    400    421    422    401    1    0.3    1
382    401    422    423    402    1    0.3    1
383    402    423    424    403    1    0.3    1
384    403    424    425    404    1    0.3    1
385    404    425    426    405    1    0.3    1
386    405    426    427    406    1    0.3    1
387    406    427    428    407    1    0.3    1
388    407    428    429    408    1    0.3    1
389    408    429    430    409    1    0.3    1
390    409    430    431    410    1    0.3    1
391    410    431    432    411    1    0.3    1
392    411    432    433    412    1    0.3    1
393    412    433    434    413    1    0.3    1
394    413    434    435    414    1    0.3    1
395    414    435    436    415    1    0.3    1
396    415    436    437    416    1    0.3    1
397    416    437    438    417    1    0.3    1
398    417    438    439    418    1    0.3    1
399    418    439    440    419    1    0.3    1
400    419    440    441    420    1    0.3    1
401    421    442    443    422    1    0.3    1
402    422    443    444    423    1    0.3    1
403    423    444    445    424    1    0.3    1
404    424    445    446    425    1    0.3    1
405    425    446    447    426    1    0.3    1
406    426    447    448    427    1    0.3    1
407    427    448    449    428    1    0.3    1
408    428    449    450    429    1    0.3    1
409    429    450    451    430    1    0.3    1
410    430    451    452    431    1    0.3    1
411    431    452    453    432    1    0.3    1
412    432    453    454    433    1    0.3    1
413    433    454    455    434    1    0.3    1
414    434    455    456    435    1    0.3    1
415    435    456    457    436    1    0.3    1
416    436    457    458    437    1    0.3    1
417    437    458    459    438    1    0.3    1
418    438    459    460    439    1    0.3    1
419    439    460    461    440    1    0.3    1
420    440    461    462    441    1    0.3    1
421    442    463    464    443    1    0.3    1
422    443    464    465    444    1    0.3    1
423    444    465    466    445    1    0.3    1
424    445    466    467    446    1    0.3    1
425    446    467    468    447    1    0.3    1
426    447    468    469    448    1    0.3    1
427    448    469    470    449    1    0.3    1
428    449    470    471    450    1    0.3    1
429    450    471    472    451    1    0.3    1
430    451    472    473    452    1    0.3    1
431    452    473    474    453    1    0.3    1
432    453    474    475    454    1    0.3    1
433    454    475    476    455    1    0.3    1
434    455    476    477    456    1    0.3    1
435    456    477    478    457    1    0.3    1
436    457    478    479    458    1    0.3    1
437    458    479    480    459    1    0.3    1
438    459    480    481    460    1    0.3    1
439    460    481    482    461    1    0.3    1
440    461    482    483    462    1    0.3    1
441    463    484    485    464    1    0.3    1
442    464    485    486    465    1    0.3    1
443    465    486    487    466    1    0.3    1
444    466    487    488    467    1    0.3    1
445    467    488    489    468    1    0.3    1
446    468    489    490    469    1    0.3    1
447    469    490    491    470    1    0.3    1
448    470    491    492    471    1    0.3    1
449    471    492    493    472    1    0.3    1
450    472    493    494    473    1    0.3    1
451    473    494    495    474    1    0.3    1
452    474    495    496    475    1    0.3    1
453    475    496    497    476    1    0.3    1
454    476    497    498    477    1    0.3    1
455    477    498    499    478    1    0.3    1
456    478    499    500    479    1    0.3    1
457    479    500    501    480    1    0.3    1
458    480    501    502    481    1    0.3    1
459    481    502    503    482    1    0.3    1
460    482    503    504    483    1    0.3    1
461    484    505    506    485    1    0.3    1
462    485    506    507    486    1    0.3    1
463    486    507    508    487    1    0.3    1
464    487    508    509    488    1    0.3    1
465    488    509    510    489    1    0.3    1
466    489    510    511    490    1    0.3    1
467    490    511    512    491    1    0.3    1
468    491    512    513    492    1    0.3    1
469    492    513    514    493    1    0.3    1
470    493    514    515    494    1    0.3    1
471    494    515    516    495    1    0.3    1
472    495    516    517    496    1    0.3    1
473    496    517    518    497    1    0.3    1
474    497    518    519    498    1    0.3    1
475    498    519    520    499    1    0.3    1
476    499    520    521    500    1    0.3    1
477    500    521    522    501    1    0.3    1
478    501    522    523    502    1    0.3    1
479    502    523    524    503    1    0.3    1
480    503    524    525    504    1    0.3    1
481    505    526    527    506    1    0.3    1
482    506    527    528    507    1    0.3    1
483    507    528    529    508    1    0.3    1
484    508    529    530    509    1    0.3    1
485    509    530    531    510    1    0.3    1
486    510    531    532    511    1    0.3    1
487    511    532    533    512    1    0.3    1
488    512    533    534    513    1    0.3    1
489    513    534    535    514    1    0.3    1
490    514    535    536    515    1    0.3    1
491    515    536    537    516    1    0.3    1
492    516    537    538    517    1    0.3    1
493    517    538    539    518    1    0.3    1
494    518    539    540    519    1    0.3    1
495    519    540    541    520    1    0.3    1
496    520    541    542    521    1    0.3    1
497    521    542    543    522    1    0.3    1
498    522    543    544    523    1    0.3    1
499    523    544    545    524    1    0.3    1
500    524    545    546    525    1    0.3    1
501    526    547    548    527    1    0.3    1
502    527    548    549    528    1    0.3    1
503    528    549    550    529    1    0.3    1
504    529    550    551    530    1    0.3    1
505    530    551    552    531    1    0.3    1
506    531    552    553    532    1    0.3    1
507    532    553    554    533    1    0.3    1
508    533    554    555    534    1    0.3    1
509    534    555    556    535    1    0.3    1
510    535    556    557    536    1    0.3    1
511    536    557    558    537    1    0.3    1
512    537    558    559    538    1    0.3    1
513    538    559    560    539    1    0.3    1
514    539    560    561    540    1    0.3    1
515    540    561    562    541    1    0.3    1
516    541    562    563    542    1    0.3    1
517    542    563    564    543    1    0.3    1
518    543    564    565    544    1    0.3    1
519    544    565    566    545    1    0.3    1
520    545    566    567    546    1    0.3    1
521    547    568    569    548    1    0.3    1
522    548    569    570    549    1    0.3    1
523    549    570    571    550    1    0.3    1
524    550    571    572    551    1    0.3    1
525    551    572    573    552    1    0.3    1
526    552    573    574    553    1    0.3    1
527    553    574    575    554    1    0.3    1
528    554    575    576    555    1    0.3    1
529    555    576    577    556    1    0.3    1
530    556    577    578    557    1    0.3    1
531    557    578    579    558    1    0.3    1
532    558    579    580    559    1    0.3    1
533    559    580    581    560    1    0.3    1
534    560    581    582    561    1    0.3    1
535    561    582    583    562    1    0.3    1
536    562    583    584    563    1    0.3    1
537    563    584    585    564    1    0.3    1
538    564    585    586    565    1    0.3    1
539    565    586    587    566    1    0.3    1
540    566    587    588    567    1    0.3    1
541    568    589    590    569    1    0.3    1
542    569    590    591    570    1    0.3    1
543    570    591    592    571    1    0.3    1
544    571    592    593    572    1    0.3    1
545    572    593    594    573    1    0.3    1
546    573    594    595    574    1    0.3    1
547    574    595    596    575    1    0.3    1
548    575    596    597    576    1    0.3    1
549    576    597    598    577    1    0.3    1
550    577    598    599    578    1    0.3    1
551    578    599    600    579    1    0.3    1
552    579    600    601    580    1    0.3    1
553    580    601    602    581    1    0.3    1
554    581    602    603    582    1    0.3    1
555    582    603    604    583    1    0.3    1
556    583    604    605    584    1    0.3    1
557    584    605    606    585    1    0.3    1
558    585    606    607    586    1    0.3    1
559    586    607    608    587    1    0.3    1
560    587    608    609    588    1    0.3    1
561    589    610    611    590    1    0.3    1
562    590    611    612    591    1    0.3    1
563    591    612    613    592    1    0.3    1
564    592    613    614    593    1    0.3    1
565    593    614    615    594    1    0.3    1
566    594    615    616    595    1    0.3    1
567    595    616    617    596    1    0.3    1
568    596    617    618    597    1    0.3    1
569    597    618    619    598    1    0.3    1
570    598    619    620    599    1    0.3    1
571    599    620    621    600    1    0.3    1
572    600    621    622    601    1    0.3    1
573    601    622    623    602    1    0.3    1
574    602    623    624    603    1    0.3    1
575    603    624    625    604    1    0.3    1
576    604    625    626    605    1    0.3    1
577    605    626    627    606    1    0.3    1
578    606    627    628    607    1    0.3    1
579    607    628    629    608    1    0.3    1
580    608    629    630    609    1    0.3    1
581    610    631    632    611    1    0.3    1
582    611    632    633    612    1    0.3    1
583    612    633    634    613    1    0.3    1
584    613    634    635    614    1    0.3    1
585    614    635    636    615    1    0.3    1
586    615    636    637    616    1    0.3    1
587    616    637    638    617    1    0.3    1
588    617    638    639    618    1    0.3    1
589    618    639    640    619    1    0.3    1
590    619    640    641    620    1    0.3    1
591    620    641    642    621    1    0.3    1
592    621    642    643    622    1    0.3    1
593    622    643    644    623    1    0.3    1
594    623    644    645    624    1    0.3    1
595    624    645    646    625    1    0.3    1
596    625    646    647    626    1    0.3    1
597    626    647    648    627    1    0.3    1
598    627    648    649    628    1    0.3    1
599    628    649    650    629    1    0.3    1
600    629    650    651    630    1    0.3    1
601    631    652    653    632    1    0.3    1
602    632    653    654    633    1    0.3    1
603    633    654    655    634    1    0.3    1
604    634    655    656    635    1    0.3    1
605    635    656    657    636    1    0.3    1
606    636    657    658    637    1    0.3    1
607    637    658    659    638    1    0.3    1
608    638    659    660    639    1    0.3    1
609    639    660    661    640    1    0.3    1
610    640    661    662    641    1    0.3    1
611    641    662    663    642    1    0.3    1
612    642    663    664    643    1    0.3    1
613    643    664    665    644    1    0.3    1
614    644    665    666    645    1    0.3    1
615    645    666    667    646    1    0.3    1
616    646    667    668    647    1    0.3    1
617    647    668    669    648    1    0.3    1
618    648    669    670    649    1    0.3    1
619    649    670    671    650    1    0.3    1
620    650    671    672    651    1    0.3    1
621    652    673    674    653    1    0.3    1
622    653    674    675    654    1    0.3    1
623    654    675    676    655    1    0.3    1
624    655    676    677    656    1    0.3    1
625    656    677    678    657    1    0.3    1
626    657    678    679    658    1    0.3    1
627    658    679    680    659    1    0.3    1
628    659    680    681    660    1    0.3    1
629    660    681    682    661    1    0.3    1
630    661    682    683    662    1    0.3    1
631    662    683    684    663    1    0.3    1
632    663    684    685    664    1    0.3    1
633    664    685    686    665    1    0.3    1
634    665    686    687    666    1    0.3    1
635    666    687    688    667    1    0.3    1
636    667    688    689    668    1    0.3    1
637    668    689    690    669    1    0.3    1
638    669    690    691    670    1    0.3    1
639    670    691    692    671    1    0.3    1
640    671    692    693    672    1    0.3    1
641    673    694    695    674    1    0.3    1
642    674    695    696    675    1    0.3    1
643    675    696    697    676    1    0.3    1
644    676    697    698    677    1    0.3    1
645    677    698    699    678    1    0.3    1
646    678    699    700    679    1    0.3    1
647    679    700    701    680    1    0.3    1
648    680    701    702    681    1    0.3    1
649    681    702    703    682    1    0.3    1
650    682    703    704    683    1    0.3    1
651    683    704    705    684    1    0.3    1
652    684    705    706    685    1    0.3    1
653    685    706    707    686    1    0.3    1
654    686    707    708    687    1    0.3    1
655    687    708    709    688    1    0.3    1
656    688    709    710    689    1    0.3    1
657    689    710    711    690    1    0.3    1
658    690    711    712    691    1    0.3    1
659    691    712    713    692    1    0.3    1
660    692    713    714    693    1    0.3    1
661    694    715    716    695    1    0.3    1
662    695    716    717    696    1    0.3    1
663    696    717    718    697    1    0.3    1
664    697    718    719    698    1    0.3    1
665    698    719    720    699    1    0.3    1
666    699    720    721    700    1    0.3    1
667    700    721    722    701    1    0.3    1
668    701    722    723    702    1    0.3    1
669    702    723    724    703    1    0.3    1
670    703    724    725    704    1    0.3    1
671    704    725    726    705    1    0.3    1
672    705    726    727    706    1    0.3    1
673    706    727    728    707    1    0.3    1
674    707    728    729    708    1    0.3    1
675    708    729    730    709    1    0.3    1
676    709    730    731    710    1    0.3    1
677    710    731    732    711    1    0.3    1
678    711    732    733    712    1    0.3    1
679    712    733    734    713    1    0.3    1
680    713    734    735    714    1    0.3    1
681    715    736    737    716    1    0.3    1
682    716    737    738    717    1    0.3    1
683    717    738    739    718    1    0.3    1
684    718    739    740    719    1    0.3    1
685    719    740    741    720    1    0.3    1
686    720    741    742    721    1    0.3    1
687    721    742    743    722    1    0.3    1
688    722    743    744    723    1    0.3    1
689    723    744    745    724    1    0.3    1
690    724    745    746    725    1    0.3    1
691    725    746    747    726    1    0.3    1
692    726    747    748    727    1    0.3    1
693    727    748    749    728    1    0.3    1
694    728    749    750    729    1    0.3    1
695    729    750    751    730    1    0.3    1
696    730    751    752    731    1    0.3    1
697    731    752    753    732    1    0.3    1
698    732    753    754    733    1    0.3    1
699    733    754    755    734    1    0.3    1
700    734    755    756    735    1    0.3    1
701    736    757    758    737    1    0.3    1
702    737    758    759    738    1    0.3    1
703    738    759    760    739    1    0.3    1
704    739    760    761    740    1    0.3    1
705    740    761    762    741    1    0.3    1
706    741    762    763    742    1    0.3    1
707    742    763    764    743    1    0.3    1
708    743    764    765    744    1    0.3    1
709    744    765    766    745    1    0.3    1
710    745    766    767    746    1    0.3    1
711    746    767    768    747    1    0.3    1
712    747    768    769    748    1    0.3    1
713    748    769    770    749    1    0.3    1
714    749    770    771    750    1    0.3    1
715    750    771    772    751    1    0.3    1
716    751    772    773    752    1    0.3    1
717    752    773    774    753    1    0.3    1
718    753    774    775    754    1    0.3    1
719    754    775    776    755    1    0.3    1
720    755    776    777    756    1    0.3    1
721    757    778    779    758    1    0.3    1
722    758    779    780    759    1    0.3    1
723    759    780    781    760    1    0.3    1
724    760    781    782    761    1    0.3    1
725    761    782    783    762    1    0.3    1
726    762    783    784    763    1    0.3    1
727    763    784    785    764    1    0.3    1
728    764    785    786    765    1    0.3    1
729    765    786    787    766    1    0.3    1
730    766    787    788    767    1    0.3    1
731    767    788    789    768    1    0.3    1
732    768    789    790    769    1    0.3    1
733    769    790    791    770    1    0.3    1
734    770    791    792    771    1    0.3    1
735    771    792    793    772    1    0.3    1
736    772    793    794    773    1    0.3    1
737    773    794    795    774    1    0.3    1
738    774    795    796    775    1    0.3    1
739    775    796    797    776    1    0.3    1
740    776    797    798    777    1    0.3    1
741    778    799    800    779    1    0.3    1
742    779    800    801    780    1    0.3    1
743    780    801    802    781    1    0.3    1
744    781    802    803    782    1    0.3    1
745    782    803    804    783    1    0.3    1
746    783    804    805    784    1    0.3    1
747    784    805    806    785    1    0.3    1
748    785    806    807    786    1    0.3    1
749    786    807    808    787    1    0.3    1
750    787    808    809    788    1    0.3    1
751    788    809    810    789    1    0.3    1
752    789    810    811    790    1    0.3    1
753    790    811    812    791    1    0.3    1
754    791    812    813    792    1    0.3    1
755    792    813    814    793    1    0.3    1
756    793    814    815    794    1    0.3    1
757    794    815    816    795    1    0.3    1
758    795    816    817    796    1    0.3    1
759    796    817    818    797    1    0.3    1
760    797    818    819    798    1    0.3    1
761    799    820    821    800    1    0.3    1
762    800    821    822    801    1    0.3    1
763    801    822    823    802    1    0.3    1
764    802    823    824    803    1    0.3    1
765    803    824    825    804    1    0.3    1
766    804    825    826    805    1    0.3    1
767    805    826    827    806    1    0.3    1
768    806    827    828    807    1    0.3    1
769    807    828    829    808    1    0.3    1
770    808    829    830    809    1    0.3    1
771    809    830    831    810    1    0.3    1
772    810    831    832    811    1    0.3    1
773    811    832    833    812    1    0.3    1
774    812    833    834    813    1    0.3    1
775    813    834    835    814    1    0.3    1
776    814    835    836    815    1    0.3    1
777    815    836    837    816    1    0.3    1
778    816    837    838    817    1    0.3    1
779    817    838    839    818    1    0.3    1
780    818    839    840    819    1    0.3    1
781    820    841    842    821    1    0.3    1
782    821    842    843    822    1    0.3    1
783    822    843    844    823    1    0.3    1
784    823    844    845    824    1    0.3    1
785    824    845    846    825    1    0.3    1
786    825    846    847    826    1    0.3    1
787    826    847    848    827    1    0.3    1
788    827    848    849    828    1    0.3    1
789    828    849    850    829    1    0.3    1
790    829    850    851    830    1    0.3    1
791    830    851    852    831    1    0.3    1
792    831    852    853    832    1    0.3    1
793    832    853    854    833    1    0.3    1
794    833    854    855    834    1    0.3    1
795    834    855    856    835    1    0.3    1
796    835    856    857    836    1    0.3    1
797    836    857    858    837    1    0.3    1
798    837    858    859    838    1    0.3    1
799    838    859    860    839    1    0.3    1
800    839    860    861    840    1    0.3    1
801    841    862    863    842    1    0.3    1
802    842    863    864    843    1    0.3    1
803    843    864    865    844    1    0.3    1
804    844    865    866    845    1    0.3    1
805    845    866    867    846    1    0.3    1
806    846    867    868    847    1    0.3    1
807    847    868    869    848    1    0.3    1
808    848    869    870    849    1    0.3    1
809    849    870    871    850    1    0.3    1
810    850    871    872    851    1    0.3    1
811    851    872    873    852    1    0.3    1
812    852    873    874    853    1    0.3    1
813    853    874    875    854    1    0.3    1
814    854    875    876    855    1    0.3    1
815    855    876    877    856    1    0.3    1
816    856    877    878    857    1    0.3    1
817    857    878    879    858    1    0.3    1
818    858    879    880    859    1    0.3    1
819    859    880    881    860    1    0.3    1
820    860    881    882    861    1    0.3    1
821    862    883    884    863    1    0.3    1
822    863    884    885    864    1    0.3    1
823    864    885    886    865    1    0.3    1
824    865    886    887    866    1    0.3    1
825    866    887    888    867    1    0.3    1
826    867    888    889    868    1    0.3    1
827    868    889    890    869    1    0.3    1
828    869    890    891    870    1    0.3    1
829    870    891    892    871    1    0.3    1
830    871    892    893    872    1    0.3    1
831    872    893    894    873    1    0.3    1
832    873    894    895    874    1    0.3    1
833    874    895    896    875    1    0.3    1
834    875    896    897    876    1    0.3    1
835    876    897    898    877    1    0.3    1
836    877    898    899    878    1    0.3    1
837    878    899    900    879    1    0.3    1
838    879    900    901    880    1    0.3    1
839    880    901    902    881    1    0.3    1
840    881    902    903    882    1    0.3    1
841    883    904    905    884    1    0.3    1
842    884    905    906    885    1    0.3    1
843    885    906    907    886    1    0.3    1
844    886    907    908    887    1    0.3    1
845    887    908    909    888    1    0.3    1
846    888    909    910    889    1    0.3    1
847    889    910    911    890    1    0.3    1
848    890    911    912    891    1    0.3    1
849    891    912    913    892    1    0.3    1
850    892    913    914    893    1    0.3    1
851    893    914    915    894    1    0.3    1
852    894    915    916    895    1    0.3    1
853    895    916    917    896    1    0.3    1
854    896    917    918    897    1    0.3    1
855    897    918    919    898    1    0.3    1
856    898    919    920    899    1    0.3    1
857    899    920    921    900    1    0.3    1
858    900    921    922    901    1    0.3    1
859    901    922    923    902    1    0.3    1
860    902    923    924    903    1    0.3    1
861    904    925    926    905    1    0.3    1
862    905    926    927    906    1    0.3    1
863    906    927    928    907    1    0.3    1
864    907    928    929    908    1    0.3    1
865    908    929    930    909    1    0.3    1
866    909    930    931    910    1    0.3    1
867    910    931    932    911    1    0.3    1
868    911    932    933    912    1    0.3    1
869    912    933    934    913    1    0.3    1
870    913    934    935    914    1    0.3    1
871    914    935    936    915    1    0.3    1
872    915    936    937    916    1    0.3    1
873    916    937    938    917    1    0.3    1
874    917    938    939    918    1    0.3    1
875    918    939    940    919    1    0.3    1
876    919    940    941    920    1    0.3    1
877    920    941    942    921    1    0.3    1
878    921    942    943    922    1    0.3    1
879    922    943    944    923    1    0.3    1
880    923    944    945    924    1    0.3    1
881    925    946    947    926    1    0.3    1
882    926    947    948    927    1    0.3    1
883    927    948    949    928    1    0.3    1
884    928    949    950    929    1    0.3    1
885    929    950    951    930    1    0.3    1
886    930    951    952    931    1    0.3    1
887    931    952    953    932    1    0.3    1
888    932    953    954    933    1    0.3    1
889    933    954    955    934    1    0.3    1
890    934    955    956    935    1    0.3    1
891    935    956    957    936    1    0.3    1
892    936    957    958    937    1    0.3    1
893    937    958    959    938    1    0.3    1
894    938    959    960    939    1    0.3    1
895    939    960    961    940    1    0.3    1
896    940    961    962    941    1    0.3    1
897    941    962    963    942    1    0.3    1
898    942    963    964    943    1    0.3    1
899    943    964    965    944    1    0.3    1
900    944    965    966    945    1    0.3    1
901    946    967    968    947    1    0.3    1
902    947    968    969    948    1    0.3    1
903    948    969    970    949    1    0.3    1
904    949    970    971    950    1    0.3    1
905    950    971    972    951    1    0.3    1
906    951    972    973    952    1    0.3    1
907    952    973    974    953    1    0.3    1
908    953    974    975    954    1    0.3    1
909    954    975    976    955    1    0.3    1
910    955    976    977    956    1    0.3    1
911    956    977    978    957    1    0.3    1
912    957    978    979    958    1    0.3    1
913    958    979    980    959    1    0.3    1
914    959    980    981    960    1    0.3    1
915    960    981    982    961    1    0.3    1
916    961    982    983    962    1    0.3    1
917    962    983    984    963    1    0.3    1
918    963    984    985    964    1    0.3    1
919    964    985    986    965    1    0.3    1
920    965    986    987    966    1    0.3    1
921    967    988    989    968    1    0.3    1
922    968    989    990    969    1    0.3    1
923    969    990    991    970    1    0.3    1
924    970    991    992    971    1    0.3    1
925    971    992    993    972    1    0.3    1
926    972    993    994    973    1    0.3    1
927    973    994    995    974    1    0.3    1
928    974    995    996    975    1    0.3    1
929    975    996    997    976    1    0.3    1
930    976    997    998    977    1    0.3    1
931    977    998    999    978    1    0.3    1
932    978    999    1000    979    1    0.3    1
933    979    1000    1001    980    1    0.3    1
934    980    1001    1002    981    1    0.3    1
935    981    1002    1003    982    1    0.3    1
936    982    1003    1004    983    1    0.3    1
937    983    1004    1005    984    1    0.3    1
938    984    1005    1006    985    1    0.3    1
939    985    1006    1007    986    1    0.3    1
940    986    1007    1008    987    1    0.3    1
941    988    1009    1010    989    1    0.3    1
942    989    1010    1011    990    1    0.3    1
943    990    1011    1012    991    1    0.3    1
944    991    1012    1013    992    1    0.3    1
945    992    1013    1014    993    1    0.3    1
946    993    1014    1015    994    1    0.3    1
947    994    1015    1016    995    1    0.3    1
948    995    1016    1017    996    1    0.3    1
949    996    1017    1018    997    1    0.3    1
950    997    1018    1019    998    1    0.3    1
951    998    1019    1020    999    1    0.3    1
952    999    1020    1021    1000    1    0.3    1
953    1000    1021    1022    1001    1    0.3    1
954    1001    1022    1023    1002    1    0.3    1
955    1002    1023    1024    1003    1    0.3    1
956    1003    1024    1025    1004    1    0.3    1
957    1004    1025    1026    1005    1    0.3    1
958    1005    1026    1027    1006    1    0.3    1
959    1006    1027    1028    1007    1    0.3    1
960    1007    1028    1029    1008    1    0.3    1
961    1009    1030    1031    1010    1    0.3    1
962    1010    1031    1032    1011    1    0.3    1
963    1011    1032    1033    1012    1    0.3    1
964    1012    1033    1034    1013    1    0.3    1
965    1013    1034    1035    1014    1    0.3    1
966    1014    1035    1036    1015    1    0.3    1
967    1015    1036    1037    1016    1    0.3    1
968    1016    1037    1038    1017    1    0.3    1
969    1017    1038    1039    1018    1    0.3    1
970    1018    1039    1040    1019    1    0.3    1
971    1019    1040    1041    1020    1    0.3    1
972    1020    1041    1042    1021    1    0.3    1
973    1021    1042    1043    1022    1    0.3    1
974    1022    1043    1044    1023    1    0.3    1
975    1023    1044    1045    1024    1    0.3    1
976    1024    1045    1046    1025    1    0.3    1
977    1025    1046    1047    1026    1    0.3    1
978    1026    1047    1048    1027    1    0.3    1
979    1027    1048    1049    1028    1    0.3    1
980    1028    1049    1050    1029    1    0.3    1
981    1030    1051    1052    1031    1    0.3    1
982    1031    1052    1053    1032    1    0.3    1
983    1032    1053    1054    1033    1    0.3    1
984    1033    1054    1055    1034    1    0.3    1
985    1034    1055    1056    1035    1    0.3    1
986    1035    1056    1057    1036    1    0.3    1
987    1036    1057    1058    1037    1    0.3    1
988    1037    1058    1059    1038    1    0.3    1
989    1038    1059    1060    1039    1    0.3    1
990    1039    1060    1061    1040    1    0.3    1
991    1040    1061    1062    1041    1    0.3    1
992    1041    1062    1063    1042    1    0.3    1
993    1042    1063    1064    1043    1    0.3    1
994    1043    1064    1065    1044    1    0.3    1
995    1044    1065    1066    1045    1    0.3    1
996    1045    1066    1067    1046    1    0.3    1
997    1046    1067    1068    1047    1    0.3    1
998    1047    1068    1069    1048    1    0.3    1
999    1048    1069    1070    1049    1    0.3    1
1000    1049    1070    1071    1050    1    0.3    1
1001    1051    1072    1073    1052    1    0.3    1
1002    1052    1073    1074    1053    1    0.3    1
1003    1053    1074    1075    1054    1    0.3    1
1004    1054    1075    1076    1055    1    0.3    1
1005    1055    1076    1077    1056    1    0.3    1
1006    1056    1077    1078    1057    1    0.3    1
1007    1057    1078    1079    1058    1    0.3    1
1008    1058    1079    1080    1059    1    0.3    1
1009    1059    1080    1081    1060    1    0.3    1
1010    1060    1081    1082    1061    1    0.3    1
1011    1061    1082    1083    1062    1    0.3    1
1012    1062    1083    1084    1063    1    0.3    1
1013    1063    1084    1085    1064    1    0.3    1
1014    1064    1085    1086    1065    1    0.3    1
1015    1065    1086    1087    1066    1    0.3    1
1016    1066    1087    1088    1067    1    0.3    1
1017    1067    1088    1089    1068    1    0.3    1
1018    1068    1089    1090    1069    1    0.3    1
1019    1069    1090    1091    1070    1    0.3    1
1020    1070    1091    1092    1071    1    0.3    1
1021    1072    1093    1094    1073    1    0.3    1
1022    1073    1094    1095    1074    1    0.3    1
1023    1074    1095    1096    1075    1    0.3    1
1024    1075    1096    1097    1076    1    0.3    1
1025    1076    1097    1098    1077    1    0.3    1
1026    1077    1098    1099    1078    1    0.3    1
1027    1078    1099    1100    1079    1    0.3    1
1028    1079    1100    1101    1080    1    0.3    1
1029    1080    1101    1102    1081    1    0.3    1
1030    1081    1102    1103    1082    1    0.3    1
1031    1082    1103    1104    1083    1    0.3    1
1032    1083    1104    1105    1084    1    0.3    1
1033    1084    1105    1106    1085    1    0.3    1
1034    1085    1106    1107    1086    1    0.3    1
1035    1086    1107    1108    1087    1    0.3    1
1036    1087    1108    1109    1088    1    0.3    1
1037    1088    1109    1110    1089    1    0.3    1
1038    1089    1110    1111    1090    1    0.3    1
1039    1090    1111    1112    1091    1    0.3    1
1040    1091    1112    1113    1092    1    0.3    1
1041    1093    1114    1115    1094    1    0.3    1
1042    1094    1115    1116    1095    1    0.3    1
1043    1095    1116    1117    1096    1    0.3    1
1044    1096    1117    1118    1097    1    0.3    1
1045    1097    1118    1119    1098    1    0.3    1
1046    1098    1119    1120    1099    1    0.3    1
1047    1099    1120    1121    1100    1    0.3    1
1048    1100    1121    1122    1101    1    0.3    1
1049    1101    1122    1123    1102    1    0.3    1
1050    1102    1123    1124    1103    1    0.3    1
1051    1103    1124    1125    1104    1    0.3    1
1052    1104    1125    1126    1105    1    0.3    1
1053    1105    1126    1127    1106    1    0.3    1
1054    1106    1127    1128    1107    1    0.3    1
1055    1107    1128    1129    1108    1    0.3    1
1056    1108    1129    1130    1109    1    0.3    1
1057    1109    1130    1131    1110    1    0.3    1
1058    1110    1131    1132    1111    1    0.3    1
1059    1111    1132    1133    1112    1    0.3    1
1060    1112    1133    1134    1113    1    0.3    1
1061    1114    1135    1136    1115    1    0.3    1
1062    1115    1136    1137    1116    1    0.3    1
1063    1116    1137    1138    1117    1    0.3    1
1064    1117    1138    1139    1118    1    0.3    1
1065    1118    1139    1140    1119    1    0.3    1
1066    1119    1140    1141    1120    1    0.3    1
1067    1120    1141    1142    1121    1    0.3    1
1068    1121    1142    1143    1122    1    0.3    1
1069    1122    1143    1144    1123    1    0.3    1
1070    1123    1144    1145    1124    1    0.3    1
1071    1124    1145    1146    1125    1    0.3    1
1072    1125    1146    1147    1126    1    0.3    1
1073    1126    1147    1148    1127    1    0.3    1
1074    1127    1148    1149    1128    1    0.3    1
1075    1128    1149    1150    1129    1    0.3    1
1076    1129    1150    1151    1130    1    0.3    1
1077    1130    1151    1152    1131    1    0.3    1
1078    1131    1152    1153    1132    1    0.3    1
1079    1132    1153    1154    1133    1    0.3    1
1080    1133    1154    1155    1134    1    0.3    1
1081    1135    1156    1157    1136    1    0.3    1
1082    1136    1157    1158    1137    1    0.3    1
1083    1137    1158    1159    1138    1    0.3    1
1084    1138    1159    1160    1139    1    0.3    1
1085    1139    1160    1161    1140    1    0.3    1
1086    1140    1161    1162    1141    1    0.3    1
1087    1141    1162    1163    1142    1    0.3    1
1088    1142    1163    1164    1143    1    0.3    1
1089    1143    1164    1165    1144    1    0.3    1
1090    1144    1165    1166    1145    1    0.3    1
1091    1145    1166    1167    1146    1    0.3    1
1092    1146    1167    1168    1147    1    0.3    1
1093    1147    1168    1169    1148    1    0.3    1
1094    1148    1169    1170    1149    1    0.3    1
1095    1149    1170    1171    1150    1    0.3    1
1096    1150    1171    1172    1151    1    0.3    1
1097    1151    1172    1173    1152    1    0.3    1
1098    1152    1173    1174    1153    1    0.3    1
1099    1153    1174    1175    1154    1    0.3    1
1100    1154    1175    1176    1155    1    0.3    1
1101    1156    1177    1178    1157    1    0.3    1
1102    1157    1178    1179    1158    1    0.3    1
1103    1158    1179    1180    1159    1    0.3    1
1104    1159    1180    1181    1160    1    0.3    1
1105    1160    1181    1182    1161    1    0.3    1
1106    1161    1182    1183    1162    1    0.3    1
1107    1162    1183    1184    1163    1    0.3    1
1108    1163    1184    1185    1164    1    0.3    1
1109    1164    1185    1186    1165    1    0.3    1
1110    1165    1186    1187    1166    1    0.3    1
1111    1166    1187    1188    1167    1    0.3    1
1112    1167    1188    1189    1168    1    0.3    1
1113    1168    1189    1190    1169    1    0.3    1
1114    1169    1190    1191    1170    1    0.3    1
1115    1170    1191    1192    1171    1    0.3    1
1116    1171    1192    1193    1172    1    0.3    1
1117    1172    1193    1194    1173    1    0.3    1
1118    1173    1194    1195    1174    1    0.3    1
1119    1174    1195    1196    1175    1    0.3    1
1120    1175    1196    1197    1176    1    0.3    1
1121    1177    1198    1199    1178    1    0.3    1
1122    1178    1199    1200    1179    1    0.3    1
1123    1179    1200    1201    1180    1    0.3    1
1124    1180    1201    1202    1181    1    0.3    1
1125    1181    1202    1203    1182    1    0.3    1
1126    1182    1203    1204    1183    1    0.3    1
1127    1183    1204    1205    1184    1    0.3    1
1128    1184    1205    1206    1185    1    0.3    1
1129    1185    1206    1207    1186    1    0.3    1
1130    1186    1207    1208    1187    1    0.3    1
1131    1187    1208    1209    1188    1    0.3    1
1132    1188    1209    1210    1189    1    0.3    1
1133    1189    1210    1211    1190    1    0.3    1
1134    1190    1211    1212    1191    1    0.3    1
1135    1191    1212    1213    1192    1    0.3    1
1136    1192    1213    1214    1193    1    0.3    1
1137    1193    1214    1215    1194    1    0.3    1
1138    1194    1215    1216    1195    1    0.3    1
1139    1195    1216    1217    1196    1    0.3    1
1140    1196    1217    1218    1197    1    0.3    1
1141    1198    1219    1220    1199    1    0.3    1
1142    1199    1220    1221    1200    1    0.3    1
1143    1200    1221    1222    1201    1    0.3    1
1144    1201    1222    1223    1202    1    0.3    1
1145    1202    1223    1224    1203    1    0.3    1
1146    1203    1224    1225    1204    1    0.3    1
1147    1204    1225    1226    1205    1    0.3    1
1148    1205    1226    1227    1206    1    0.3    1
1149    1206    1227    1228    1207    1    0.3    1
1150    1207    1228    1229    1208    1    0.3    1
1151    1208    1229    1230    1209    1    0.3    1
1152    1209    1230    1231    1210    1    0.3    1
1153    1210    1231    1232    1211    1    0.3    1
1154    1211    1232    1233    1212    1    0.3    1
1155    1212    1233    1234    1213    1    0.3    1
1156    1213    1234    1235    1214    1    0.3    1
1157    1214    1235    1236    1215    1    0.3    1
1158    1215    1236    1237    1216    1    0.3    1
1159    1216    1237    1238    1217    1    0.3    1
1160    1217    1238    1239    1218    1    0.3    1
1161    1219    1240    1241    1220    1    0.3    1
1162    1220    1241    1242    1221    1    0.3    1
1163    1221    1242    1243    1222    1    0.3    1
1164    1222    1243    1244    1223    1    0.3    1
1165    1223    1244    1245    1224    1    0.3    1
1166    1224    1245    1246    1225    1    0.3    1
1167    1225    1246    1247    1226    1    0.3    1
1168    1226    1247    1248    1227    1    0.3    1
1169    1227    1248    1249    1228    1    0.3    1
1170    1228    1249    1250    1229    1    0.3    1
1171    1229    1250    1251    1230    1    0.3    1
1172    1230    1251    1252    1231    1    0.3    1
1173    1231    1252    1253    1232    1    0.3    1
1174    1232    1253    1254    1233    1    0.3    1
1175    1233    1254    1255    1234    1    0.3    1
1176    1234    1255    1256    1235    1    0.3    1
1177    1235    1256    1257    1236    1    0.3    1
1178    1236    1257    1258    1237    1    0.3    1
1179    1237    1258    1259    1238    1    0.3    1
1180    1238    1259    1260    1239    1    0.3    1
1181    1240    1261    1262    1241    1    0.3    1
1182    1241    1262    1263    1242    1    0.3    1
1183    1242    1263    1264    1243    1    0.3    1
1184    1243    1264    1265    1244    1    0.3    1
1185    1244    1265    1266    1245    1    0.3    1
1186    1245    1266    1267    1246    1    0.3    1
1187    1246    1267    1268    1247    1    0.3    1
1188    1247    1268    1269    1248    1    0.3    1
1189    1248    1269    1270    1249    1    0.3    1
1190    1249    1270    1271    1250    1    0.3    1
1191    1250    1271    1272    1251    1    0.3    1
1192    1251    1272    1273    1252    1    0.3    1
1193    1252    1273    1274    1253    1    0.3    1
1194    1253    1274    1275    1254    1    0.3    1
1195    1254    1275    1276    1255    1    0.3    1
1196    1255    1276    1277    1256    1    0.3    1
1197    1256    1277    1278    1257    1    0.3    1
1198    1257    1278    1279    1258    1    0.3    1
1199    1258    1279    1280    1259    1    0.3    1
1200    1259    1280    1281    1260    1    0.3    1
ELEMENT END


% DOF#  Displacement 2n-1(x), 2n(y)
BC START
1 0
3 0
5 0
7 0
9 0
11 0
13 0
15 0
17 0
19 0
21 0
23 0
25 0
27 0
29 0
31 0
33 0
35 0
37 0
39 0
41 0
2522 0
BC END

% DOF#  Load 2n-1(x), 2n(y)
LOAD START
42 -1
LOAD END

% Element# Put element numbers of those you want to forcefully keep during optimization.
% 1 indexed.
FREEZE START
FREEZE END
